13029
13058
13083
13121
13123
13162
13163
13164
13195
13196
13229
13271
13272
13274
13275
13322
13372
13374
13412
13461
13464
13496
13497
13539
13540
13541
13569
13570
13598
13599
13626
13627
13658
13659
13660
13683
13684
13734
13735
13759
13783
13847
13916
13921
13956
14024
14060
14061
14071
14114
14195
14295
14333
14344
14373
14499
14641
14721
14757
14967
14968
15033
15075
15239
15240
15241
15242
15243
15244
15245
15246
15247
15282
15283
15284
15287
15288
15289
15290
15291
15380
15381
15382
15383
15384
15405
15406
15407
15408
15409
15415
15456
15457
15458
15459
15501
15508
15558
